{
 "cells": [
  {
   "cell_type": "code",
   "execution_count": 52,
   "id": "ba128c7e-f201-4d4e-b6a0-c9b1a957ed7a",
   "metadata": {
    "collapsed": true,
    "jupyter": {
     "outputs_hidden": true
    },
    "tags": []
   },
   "outputs": [
    {
     "name": "stdout",
     "output_type": "stream",
     "text": [
      "Requirement already satisfied: scipy in c:\\projects\\semantic-search-td\\.venv\\lib\\site-packages (1.10.0)\n",
      "Requirement already satisfied: numpy<1.27.0,>=1.19.5 in c:\\projects\\semantic-search-td\\.venv\\lib\\site-packages (from scipy) (1.19.5)\n",
      "Requirement already satisfied: seaborn in c:\\projects\\semantic-search-td\\.venv\\lib\\site-packages (0.12.2)\n",
      "Requirement already satisfied: numpy!=1.24.0,>=1.17 in c:\\projects\\semantic-search-td\\.venv\\lib\\site-packages (from seaborn) (1.19.5)\n",
      "Requirement already satisfied: pandas>=0.25 in c:\\projects\\semantic-search-td\\.venv\\lib\\site-packages (from seaborn) (1.2.5)\n",
      "Requirement already satisfied: matplotlib!=3.6.1,>=3.1 in c:\\projects\\semantic-search-td\\.venv\\lib\\site-packages (from seaborn) (3.6.3)\n",
      "Requirement already satisfied: cycler>=0.10 in c:\\projects\\semantic-search-td\\.venv\\lib\\site-packages (from matplotlib!=3.6.1,>=3.1->seaborn) (0.11.0)\n",
      "Requirement already satisfied: kiwisolver>=1.0.1 in c:\\projects\\semantic-search-td\\.venv\\lib\\site-packages (from matplotlib!=3.6.1,>=3.1->seaborn) (1.4.4)\n",
      "Requirement already satisfied: pillow>=6.2.0 in c:\\projects\\semantic-search-td\\.venv\\lib\\site-packages (from matplotlib!=3.6.1,>=3.1->seaborn) (9.4.0)\n",
      "Requirement already satisfied: python-dateutil>=2.7 in c:\\projects\\semantic-search-td\\.venv\\lib\\site-packages (from matplotlib!=3.6.1,>=3.1->seaborn) (2.8.2)\n",
      "Requirement already satisfied: packaging>=20.0 in c:\\projects\\semantic-search-td\\.venv\\lib\\site-packages (from matplotlib!=3.6.1,>=3.1->seaborn) (23.0)\n",
      "Requirement already satisfied: contourpy>=1.0.1 in c:\\projects\\semantic-search-td\\.venv\\lib\\site-packages (from matplotlib!=3.6.1,>=3.1->seaborn) (1.0.7)\n",
      "Requirement already satisfied: fonttools>=4.22.0 in c:\\projects\\semantic-search-td\\.venv\\lib\\site-packages (from matplotlib!=3.6.1,>=3.1->seaborn) (4.38.0)\n",
      "Requirement already satisfied: pyparsing>=2.2.1 in c:\\projects\\semantic-search-td\\.venv\\lib\\site-packages (from matplotlib!=3.6.1,>=3.1->seaborn) (3.0.9)\n",
      "Requirement already satisfied: pytz>=2017.3 in c:\\projects\\semantic-search-td\\.venv\\lib\\site-packages (from pandas>=0.25->seaborn) (2022.1)\n",
      "Requirement already satisfied: six>=1.5 in c:\\projects\\semantic-search-td\\.venv\\lib\\site-packages (from python-dateutil>=2.7->matplotlib!=3.6.1,>=3.1->seaborn) (1.15.0)\n",
      "Collecting qgrid\n",
      "  Downloading qgrid-1.3.1.tar.gz (889 kB)\n",
      "     -------------------------------------- 889.2/889.2 kB 5.6 MB/s eta 0:00:00\n",
      "  Preparing metadata (setup.py): started\n",
      "  Preparing metadata (setup.py): finished with status 'done'\n",
      "Requirement already satisfied: notebook>=4.0.0 in c:\\projects\\semantic-search-td\\.venv\\lib\\site-packages (from qgrid) (6.4.11)\n",
      "Requirement already satisfied: pandas>=0.18.0 in c:\\projects\\semantic-search-td\\.venv\\lib\\site-packages (from qgrid) (1.2.5)\n",
      "Collecting ipywidgets>=7.0.0\n",
      "  Downloading ipywidgets-8.0.4-py3-none-any.whl (137 kB)\n",
      "     ---------------------------------------- 137.8/137.8 kB ? eta 0:00:00\n",
      "Requirement already satisfied: ipython>=6.1.0 in c:\\projects\\semantic-search-td\\.venv\\lib\\site-packages (from ipywidgets>=7.0.0->qgrid) (8.3.0)\n",
      "Requirement already satisfied: traitlets>=4.3.1 in c:\\projects\\semantic-search-td\\.venv\\lib\\site-packages (from ipywidgets>=7.0.0->qgrid) (5.9.0)\n",
      "Requirement already satisfied: ipykernel>=4.5.1 in c:\\projects\\semantic-search-td\\.venv\\lib\\site-packages (from ipywidgets>=7.0.0->qgrid) (6.13.0)\n",
      "Collecting widgetsnbextension~=4.0\n",
      "  Downloading widgetsnbextension-4.0.5-py3-none-any.whl (2.0 MB)\n",
      "     ---------------------------------------- 2.0/2.0 MB 5.0 MB/s eta 0:00:00\n",
      "Collecting jupyterlab-widgets~=3.0\n",
      "  Downloading jupyterlab_widgets-3.0.5-py3-none-any.whl (384 kB)\n",
      "     -------------------------------------- 384.3/384.3 kB 4.7 MB/s eta 0:00:00\n",
      "Requirement already satisfied: jupyter-core>=4.6.1 in c:\\projects\\semantic-search-td\\.venv\\lib\\site-packages (from notebook>=4.0.0->qgrid) (5.2.0)\n",
      "Requirement already satisfied: ipython-genutils in c:\\projects\\semantic-search-td\\.venv\\lib\\site-packages (from notebook>=4.0.0->qgrid) (0.2.0)\n",
      "Requirement already satisfied: pyzmq>=17 in c:\\projects\\semantic-search-td\\.venv\\lib\\site-packages (from notebook>=4.0.0->qgrid) (25.0.0)\n",
      "Requirement already satisfied: tornado>=6.1 in c:\\projects\\semantic-search-td\\.venv\\lib\\site-packages (from notebook>=4.0.0->qgrid) (6.2)\n",
      "Requirement already satisfied: nbconvert>=5 in c:\\projects\\semantic-search-td\\.venv\\lib\\site-packages (from notebook>=4.0.0->qgrid) (6.5.0)\n",
      "Requirement already satisfied: jinja2 in c:\\projects\\semantic-search-td\\.venv\\lib\\site-packages (from notebook>=4.0.0->qgrid) (3.1.2)\n",
      "Requirement already satisfied: nest-asyncio>=1.5 in c:\\projects\\semantic-search-td\\.venv\\lib\\site-packages (from notebook>=4.0.0->qgrid) (1.5.5)\n",
      "Requirement already satisfied: prometheus-client in c:\\projects\\semantic-search-td\\.venv\\lib\\site-packages (from notebook>=4.0.0->qgrid) (0.14.1)\n",
      "Requirement already satisfied: Send2Trash>=1.8.0 in c:\\projects\\semantic-search-td\\.venv\\lib\\site-packages (from notebook>=4.0.0->qgrid) (1.8.0)\n",
      "Requirement already satisfied: nbformat in c:\\projects\\semantic-search-td\\.venv\\lib\\site-packages (from notebook>=4.0.0->qgrid) (5.4.0)\n",
      "Requirement already satisfied: argon2-cffi in c:\\projects\\semantic-search-td\\.venv\\lib\\site-packages (from notebook>=4.0.0->qgrid) (21.3.0)\n",
      "Requirement already satisfied: terminado>=0.8.3 in c:\\projects\\semantic-search-td\\.venv\\lib\\site-packages (from notebook>=4.0.0->qgrid) (0.15.0)\n",
      "Requirement already satisfied: jupyter-client>=5.3.4 in c:\\projects\\semantic-search-td\\.venv\\lib\\site-packages (from notebook>=4.0.0->qgrid) (8.0.2)\n",
      "Requirement already satisfied: numpy>=1.16.5 in c:\\projects\\semantic-search-td\\.venv\\lib\\site-packages (from pandas>=0.18.0->qgrid) (1.19.5)\n",
      "Requirement already satisfied: python-dateutil>=2.7.3 in c:\\projects\\semantic-search-td\\.venv\\lib\\site-packages (from pandas>=0.18.0->qgrid) (2.8.2)\n",
      "Requirement already satisfied: pytz>=2017.3 in c:\\projects\\semantic-search-td\\.venv\\lib\\site-packages (from pandas>=0.18.0->qgrid) (2022.1)\n",
      "Requirement already satisfied: packaging in c:\\projects\\semantic-search-td\\.venv\\lib\\site-packages (from ipykernel>=4.5.1->ipywidgets>=7.0.0->qgrid) (23.0)\n",
      "Requirement already satisfied: psutil in c:\\projects\\semantic-search-td\\.venv\\lib\\site-packages (from ipykernel>=4.5.1->ipywidgets>=7.0.0->qgrid) (5.9.1)\n",
      "Requirement already satisfied: debugpy>=1.0 in c:\\projects\\semantic-search-td\\.venv\\lib\\site-packages (from ipykernel>=4.5.1->ipywidgets>=7.0.0->qgrid) (1.6.0)\n",
      "Requirement already satisfied: matplotlib-inline>=0.1 in c:\\projects\\semantic-search-td\\.venv\\lib\\site-packages (from ipykernel>=4.5.1->ipywidgets>=7.0.0->qgrid) (0.1.3)\n",
      "Requirement already satisfied: pygments>=2.4.0 in c:\\projects\\semantic-search-td\\.venv\\lib\\site-packages (from ipython>=6.1.0->ipywidgets>=7.0.0->qgrid) (2.12.0)\n",
      "Requirement already satisfied: prompt-toolkit!=3.0.0,!=3.0.1,<3.1.0,>=2.0.0 in c:\\projects\\semantic-search-td\\.venv\\lib\\site-packages (from ipython>=6.1.0->ipywidgets>=7.0.0->qgrid) (3.0.29)\n",
      "Requirement already satisfied: backcall in c:\\projects\\semantic-search-td\\.venv\\lib\\site-packages (from ipython>=6.1.0->ipywidgets>=7.0.0->qgrid) (0.2.0)\n",
      "Requirement already satisfied: stack-data in c:\\projects\\semantic-search-td\\.venv\\lib\\site-packages (from ipython>=6.1.0->ipywidgets>=7.0.0->qgrid) (0.2.0)\n",
      "Requirement already satisfied: decorator in c:\\projects\\semantic-search-td\\.venv\\lib\\site-packages (from ipython>=6.1.0->ipywidgets>=7.0.0->qgrid) (5.1.1)\n",
      "Requirement already satisfied: jedi>=0.16 in c:\\projects\\semantic-search-td\\.venv\\lib\\site-packages (from ipython>=6.1.0->ipywidgets>=7.0.0->qgrid) (0.18.1)\n",
      "Requirement already satisfied: setuptools>=18.5 in c:\\projects\\semantic-search-td\\.venv\\lib\\site-packages (from ipython>=6.1.0->ipywidgets>=7.0.0->qgrid) (65.7.0)\n",
      "Requirement already satisfied: colorama in c:\\projects\\semantic-search-td\\.venv\\lib\\site-packages (from ipython>=6.1.0->ipywidgets>=7.0.0->qgrid) (0.4.6)\n",
      "Requirement already satisfied: pickleshare in c:\\projects\\semantic-search-td\\.venv\\lib\\site-packages (from ipython>=6.1.0->ipywidgets>=7.0.0->qgrid) (0.7.5)\n",
      "Requirement already satisfied: importlib-metadata>=4.8.3 in c:\\projects\\semantic-search-td\\.venv\\lib\\site-packages (from jupyter-client>=5.3.4->notebook>=4.0.0->qgrid) (4.11.4)\n",
      "Requirement already satisfied: platformdirs>=2.5 in c:\\projects\\semantic-search-td\\.venv\\lib\\site-packages (from jupyter-core>=4.6.1->notebook>=4.0.0->qgrid) (2.6.2)\n",
      "Requirement already satisfied: pywin32>=1.0 in c:\\projects\\semantic-search-td\\.venv\\lib\\site-packages (from jupyter-core>=4.6.1->notebook>=4.0.0->qgrid) (304)\n",
      "Requirement already satisfied: bleach in c:\\projects\\semantic-search-td\\.venv\\lib\\site-packages (from nbconvert>=5->notebook>=4.0.0->qgrid) (5.0.0)\n",
      "Requirement already satisfied: mistune<2,>=0.8.1 in c:\\projects\\semantic-search-td\\.venv\\lib\\site-packages (from nbconvert>=5->notebook>=4.0.0->qgrid) (0.8.4)\n",
      "Requirement already satisfied: pandocfilters>=1.4.1 in c:\\projects\\semantic-search-td\\.venv\\lib\\site-packages (from nbconvert>=5->notebook>=4.0.0->qgrid) (1.5.0)\n",
      "Requirement already satisfied: tinycss2 in c:\\projects\\semantic-search-td\\.venv\\lib\\site-packages (from nbconvert>=5->notebook>=4.0.0->qgrid) (1.1.1)\n",
      "Requirement already satisfied: jupyterlab-pygments in c:\\projects\\semantic-search-td\\.venv\\lib\\site-packages (from nbconvert>=5->notebook>=4.0.0->qgrid) (0.2.2)\n",
      "Requirement already satisfied: beautifulsoup4 in c:\\projects\\semantic-search-td\\.venv\\lib\\site-packages (from nbconvert>=5->notebook>=4.0.0->qgrid) (4.11.1)\n",
      "Requirement already satisfied: nbclient>=0.5.0 in c:\\projects\\semantic-search-td\\.venv\\lib\\site-packages (from nbconvert>=5->notebook>=4.0.0->qgrid) (0.6.3)\n",
      "Requirement already satisfied: entrypoints>=0.2.2 in c:\\projects\\semantic-search-td\\.venv\\lib\\site-packages (from nbconvert>=5->notebook>=4.0.0->qgrid) (0.4)\n",
      "Requirement already satisfied: MarkupSafe>=2.0 in c:\\projects\\semantic-search-td\\.venv\\lib\\site-packages (from nbconvert>=5->notebook>=4.0.0->qgrid) (2.1.1)\n",
      "Requirement already satisfied: defusedxml in c:\\projects\\semantic-search-td\\.venv\\lib\\site-packages (from nbconvert>=5->notebook>=4.0.0->qgrid) (0.7.1)\n",
      "Requirement already satisfied: fastjsonschema in c:\\projects\\semantic-search-td\\.venv\\lib\\site-packages (from nbformat->notebook>=4.0.0->qgrid) (2.15.3)\n",
      "Requirement already satisfied: jsonschema>=2.6 in c:\\projects\\semantic-search-td\\.venv\\lib\\site-packages (from nbformat->notebook>=4.0.0->qgrid) (4.17.3)\n",
      "Requirement already satisfied: six>=1.5 in c:\\projects\\semantic-search-td\\.venv\\lib\\site-packages (from python-dateutil>=2.7.3->pandas>=0.18.0->qgrid) (1.15.0)\n",
      "Requirement already satisfied: pywinpty>=1.1.0 in c:\\projects\\semantic-search-td\\.venv\\lib\\site-packages (from terminado>=0.8.3->notebook>=4.0.0->qgrid) (2.0.5)\n",
      "Requirement already satisfied: argon2-cffi-bindings in c:\\projects\\semantic-search-td\\.venv\\lib\\site-packages (from argon2-cffi->notebook>=4.0.0->qgrid) (21.2.0)\n",
      "Requirement already satisfied: zipp>=0.5 in c:\\projects\\semantic-search-td\\.venv\\lib\\site-packages (from importlib-metadata>=4.8.3->jupyter-client>=5.3.4->notebook>=4.0.0->qgrid) (3.8.0)\n",
      "Requirement already satisfied: parso<0.9.0,>=0.8.0 in c:\\projects\\semantic-search-td\\.venv\\lib\\site-packages (from jedi>=0.16->ipython>=6.1.0->ipywidgets>=7.0.0->qgrid) (0.8.3)\n",
      "Requirement already satisfied: attrs>=17.4.0 in c:\\projects\\semantic-search-td\\.venv\\lib\\site-packages (from jsonschema>=2.6->nbformat->notebook>=4.0.0->qgrid) (21.4.0)\n",
      "Requirement already satisfied: pyrsistent!=0.17.0,!=0.17.1,!=0.17.2,>=0.14.0 in c:\\projects\\semantic-search-td\\.venv\\lib\\site-packages (from jsonschema>=2.6->nbformat->notebook>=4.0.0->qgrid) (0.18.1)\n",
      "Requirement already satisfied: pkgutil-resolve-name>=1.3.10 in c:\\projects\\semantic-search-td\\.venv\\lib\\site-packages (from jsonschema>=2.6->nbformat->notebook>=4.0.0->qgrid) (1.3.10)\n",
      "Requirement already satisfied: importlib-resources>=1.4.0 in c:\\projects\\semantic-search-td\\.venv\\lib\\site-packages (from jsonschema>=2.6->nbformat->notebook>=4.0.0->qgrid) (5.7.1)\n",
      "Requirement already satisfied: wcwidth in c:\\projects\\semantic-search-td\\.venv\\lib\\site-packages (from prompt-toolkit!=3.0.0,!=3.0.1,<3.1.0,>=2.0.0->ipython>=6.1.0->ipywidgets>=7.0.0->qgrid) (0.2.5)\n",
      "Requirement already satisfied: cffi>=1.0.1 in c:\\projects\\semantic-search-td\\.venv\\lib\\site-packages (from argon2-cffi-bindings->argon2-cffi->notebook>=4.0.0->qgrid) (1.15.0)\n",
      "Requirement already satisfied: soupsieve>1.2 in c:\\projects\\semantic-search-td\\.venv\\lib\\site-packages (from beautifulsoup4->nbconvert>=5->notebook>=4.0.0->qgrid) (2.3.2.post1)\n",
      "Requirement already satisfied: webencodings in c:\\projects\\semantic-search-td\\.venv\\lib\\site-packages (from bleach->nbconvert>=5->notebook>=4.0.0->qgrid) (0.5.1)\n",
      "Requirement already satisfied: asttokens in c:\\projects\\semantic-search-td\\.venv\\lib\\site-packages (from stack-data->ipython>=6.1.0->ipywidgets>=7.0.0->qgrid) (2.0.5)\n",
      "Requirement already satisfied: executing in c:\\projects\\semantic-search-td\\.venv\\lib\\site-packages (from stack-data->ipython>=6.1.0->ipywidgets>=7.0.0->qgrid) (0.8.3)\n",
      "Requirement already satisfied: pure-eval in c:\\projects\\semantic-search-td\\.venv\\lib\\site-packages (from stack-data->ipython>=6.1.0->ipywidgets>=7.0.0->qgrid) (0.2.2)\n",
      "Requirement already satisfied: pycparser in c:\\projects\\semantic-search-td\\.venv\\lib\\site-packages (from cffi>=1.0.1->argon2-cffi-bindings->argon2-cffi->notebook>=4.0.0->qgrid) (2.21)\n",
      "Building wheels for collected packages: qgrid\n",
      "  Building wheel for qgrid (setup.py): started\n",
      "  Building wheel for qgrid (setup.py): finished with status 'done'\n",
      "  Created wheel for qgrid: filename=qgrid-1.3.1-py2.py3-none-any.whl size=1761266 sha256=3dc313871a0956fbefe16e1c82117eb77b70d0f7dfe470455407265adb18587d\n",
      "  Stored in directory: c:\\users\\artif\\appdata\\local\\pip\\cache\\wheels\\4a\\65\\d3\\ec3d01337551a41a66aa7fe06c4d775b4a6a8ca798244a7e84\n",
      "Successfully built qgrid\n",
      "Installing collected packages: widgetsnbextension, jupyterlab-widgets, ipywidgets, qgrid\n",
      "Successfully installed ipywidgets-8.0.4 jupyterlab-widgets-3.0.5 qgrid-1.3.1 widgetsnbextension-4.0.5\n"
     ]
    }
   ],
   "source": [
    "!pip install -U scipy\n",
    "!pip install -U seaborn\n"
   ]
  },
  {
   "cell_type": "code",
   "execution_count": null,
   "id": "63171c77-37fb-4314-9dd9-833f8722d34a",
   "metadata": {
    "tags": []
   },
   "outputs": [],
   "source": [
    "\n",
    "!pip install ipydatagrid"
   ]
  },
  {
   "cell_type": "code",
   "execution_count": 59,
   "id": "16a611e5-c30f-4dd3-89c6-9319241219f8",
   "metadata": {
    "tags": []
   },
   "outputs": [],
   "source": [
    "from transformers import AutoTokenizer, AutoModel\n",
    "import torch\n",
    "\n",
    "# model_name = 'inkoziev/sbert_pq'\n",
    "model_name = 'sentence-transformers/distiluse-base-multilingual-cased-v1'\n",
    "# model_name = 'symanto/sn-xlm-roberta-base-snli-mnli-anli-xnli'\n",
    "# model_name = 'sberbank-ai/ruRoberta-large'\n",
    "\n",
    "#Mean Pooling - Take attention mask into account for correct averaging\n",
    "def mean_pooling(model_output, attention_mask):\n",
    "    token_embeddings = model_output[0] #First element of model_output contains all token embeddings\n",
    "    input_mask_expanded = attention_mask.unsqueeze(-1).expand(token_embeddings.size()).float()\n",
    "    return torch.sum(token_embeddings * input_mask_expanded, 1) / torch.clamp(input_mask_expanded.sum(1), min=1e-9)\n",
    "\n",
    "\n",
    "# Load model from HuggingFace Hub\n",
    "tokenizer = AutoTokenizer.from_pretrained(model_name)\n",
    "model = AutoModel.from_pretrained(model_name)\n",
    "\n",
    "def get_sentence_embeddings(sentences):\n",
    "    # Tokenize sentences\n",
    "    encoded_input = tokenizer(sentences, padding=True, truncation=True, return_tensors='pt')\n",
    "\n",
    "    # Compute token embeddings\n",
    "    with torch.no_grad():\n",
    "        model_output = model(**encoded_input)\n",
    "\n",
    "    # Perform pooling. In this case, mean pooling.\n",
    "    return mean_pooling(model_output, encoded_input['attention_mask'])\n",
    "    \n",
    "\n"
   ]
  },
  {
   "cell_type": "code",
   "execution_count": 60,
   "id": "94943ae5-d403-49b4-9ca2-18805fbc96a3",
   "metadata": {
    "tags": []
   },
   "outputs": [
    {
     "name": "stdout",
     "output_type": "stream",
     "text": [
      "Sentence embeddings:\n",
      "tensor([[ 0.0155,  0.0044,  0.0086,  ..., -0.0167,  0.0473,  0.1201],\n",
      "        [-0.0110,  0.0784, -0.0379,  ...,  0.0460,  0.0275,  0.0112],\n",
      "        [-0.0402,  0.0269,  0.0608,  ..., -0.0038,  0.0057,  0.0530],\n",
      "        ...,\n",
      "        [ 0.0095,  0.0889, -0.0454,  ...,  0.0003, -0.0082, -0.0425],\n",
      "        [-0.0538,  0.0065,  0.0789,  ..., -0.0230,  0.0025, -0.0407],\n",
      "        [-0.0234,  0.0601,  0.1031,  ..., -0.0664,  0.0107, -0.1335]])\n",
      "CPU times: total: 4 s\n",
      "Wall time: 1.99 s\n"
     ]
    }
   ],
   "source": [
    "%%time\n",
    "# Sentences we want sentence embeddings for\n",
    "sentences = ['беременность',\n",
    "    'Что положено женщинам при беременности?',\n",
    "    'Продолжительность рабочего дня для колясочников',\n",
    "    'Продолжительность рабочего времени лиц до восемнадцати лет, получающих образование',\n",
    "      'Продолжительность рабочего дня для инвалида', \n",
    "            'Что такое ненормированный рабочий день?',\n",
    "            'Ненормированный рабочий день - особый режим работы, в соответствии с которым отдельные работники могут по распоряжению работодателя при необходимости эпизодически привлекаться к выполнению своих трудовых функций за пределами установленной для них продолжительности рабочего времени. Перечень должностей работников с ненормированным рабочим днем устанавливается коллективным договором, соглашениями или локальным нормативным актом, принимаемым с учетом мнения представительного органа работников.',\n",
    "    'Выплата такой компенсации, а также возмещение иных расходов, связанных с выполнением работ на дому, производятся работодателем в порядке, определенном трудовым договором.',        \n",
    "  \n",
    "             'Распорядок дня для инвалида и продолжительность жизни',\n",
    "             \n",
    "             'На период отпуска по уходу за ребенком за работником сохраняется место работы (должность).',\n",
    "             \n",
    "             'Сокращенная продолжительность рабочего времени устанавливается для работников, являющихся инвалидами I или II группы, - не более 35 часов в неделю.', \n",
    "             'Продолжительность рабочего времени конкретного работника устанавливается трудовым договором на основании отраслевого (межотраслевого) соглашения и коллективного договора с учетом результатов специальной оценки условий труда.',\n",
    "             'Сверхурочная работа оплачивается за первые два часа работы не менее чем в полуторном размере, за последующие часы - не менее чем в двойном размере. ',\n",
    "             'Женщинам по их заявлению и на основании выданного в установленном порядке листка нетрудоспособности предоставляются отпуска по беременности и родам продолжительностью 70 календарных дней до родов и 70 календарных дней после родов с выплатой пособия по государственному социальному страхованию.',\n",
    "             'Отпуск по беременности и родам исчисляется суммарно и предоставляется женщине полностью независимо от числа дней, фактически использованных ею до родов.',\n",
    "             'Продолжительность работы в ночное время уравнивается с продолжительностью работы в дневное время в тех случаях, когда это необходимо по условиям труда, а также на сменных работах при шестидневной рабочей неделе с одним выходным днем.',\n",
    "             'Общая продолжительность рабочего времени медицинского работника медицинской организации с учетом времени дежурства на дому не должна превышать норму рабочего времени медицинского работника медицинской организации за соответствующий период.',\n",
    "             'Продолжительность рабочего времени лиц в возрасте до восемнадцати лет, получающих общее образование или среднее профессиональное образование и совмещающих в течение учебного года получение образования с работой, не может превышать половины норм, установленных частью первой настоящей статьи для лиц соответствующего возраста.',\n",
    "            ]\n",
    "\n",
    "\n",
    "print(\"Sentence embeddings:\")\n",
    "\n",
    "print(sentence_embeddings:=get_sentence_embeddings(sentences))"
   ]
  },
  {
   "cell_type": "code",
   "execution_count": 61,
   "id": "22243296-9f3f-4652-99e4-d1bb87e8e0f2",
   "metadata": {
    "tags": []
   },
   "outputs": [
    {
     "name": "stdout",
     "output_type": "stream",
     "text": [
      "0.32618534564971924\n",
      "[[0.         0.32618537 0.82895337 0.88563232 0.77576259 0.94393406\n",
      "  1.02117023 0.97399281 0.7961783  0.84927042 0.96712228 0.97695048\n",
      "  1.04655619 0.72639342 0.62740407 1.05232957 0.99176655 1.03374432]\n",
      " [0.32618537 0.         0.91315468 0.9721206  0.90236274 0.77034951\n",
      "  0.96590202 0.95844673 0.88572711 0.82046224 0.98983291 1.00383623\n",
      "  1.03796622 0.61485807 0.53277583 1.03231819 0.96458769 1.00235588]\n",
      " [0.82895337 0.91315468 0.         0.5652238  0.20439305 0.5930905\n",
      "  0.56934227 0.86907296 0.33943071 0.65221709 0.64182841 0.67268399\n",
      "  0.71374195 0.79115301 0.76745999 0.58204714 0.64262579 0.82361767]\n",
      " [0.88563232 0.9721206  0.5652238  0.         0.51181769 0.81304222\n",
      "  0.72102409 0.80309329 0.64019383 0.69143546 0.73134583 0.65263072\n",
      "  0.76551611 0.88177999 0.9051924  0.69800091 0.68935158 0.37339348]\n",
      " [0.77576259 0.90236274 0.20439305 0.51181769 0.         0.50430415\n",
      "  0.54604432 0.81494803 0.15793352 0.60582445 0.50509837 0.68667271\n",
      "  0.75338964 0.70655823 0.74514411 0.59639338 0.63854187 0.8030103 ]\n",
      " [0.94393406 0.77034951 0.5930905  0.81304222 0.50430415 0.\n",
      "  0.48223961 0.7383209  0.60603419 0.69296863 0.72809049 0.7747081\n",
      "  0.76595439 0.78485034 0.71365863 0.58591715 0.75190521 0.85567424]\n",
      " [1.02117023 0.96590202 0.56934227 0.72102409 0.54604432 0.48223961\n",
      "  0.         0.61216982 0.68101415 0.57349329 0.56298663 0.4410332\n",
      "  0.72073673 0.72408734 0.74416759 0.44945284 0.52191009 0.70868423]\n",
      " [0.97399281 0.95844673 0.86907296 0.80309329 0.81494803 0.7383209\n",
      "  0.61216982 0.         0.9339992  0.69117462 0.77703591 0.50633021\n",
      "  0.74846057 0.77650497 0.8159376  0.68036492 0.65242342 0.82710441]\n",
      " [0.7961783  0.88572711 0.33943071 0.64019383 0.15793352 0.60603419\n",
      "  0.68101415 0.9339992  0.         0.78279411 0.59966526 0.81071026\n",
      "  0.87002138 0.70683772 0.73874221 0.70184077 0.74843758 0.86140106]\n",
      " [0.84927042 0.82046224 0.65221709 0.69143546 0.60582445 0.69296863\n",
      "  0.57349329 0.69117462 0.78279411 0.         0.68169621 0.62618368\n",
      "  0.81080122 0.67897599 0.62654081 0.64918481 0.618006   0.82525552]\n",
      " [0.96712228 0.98983291 0.64182841 0.73134583 0.50509837 0.72809049\n",
      "  0.56298663 0.77703591 0.59966526 0.68169621 0.         0.67067234\n",
      "  0.59631792 0.71562516 0.81080017 0.59911633 0.64198662 0.77503493]\n",
      " [0.97695048 1.00383623 0.67268399 0.65263072 0.68667271 0.7747081\n",
      "  0.4410332  0.50633021 0.81071026 0.62618368 0.67067234 0.\n",
      "  0.77037264 0.81218868 0.84864288 0.57939442 0.57185591 0.70841616]\n",
      " [1.04655619 1.03796622 0.71374195 0.76551611 0.75338964 0.76595439\n",
      "  0.72073673 0.74846057 0.87002138 0.81080122 0.59631792 0.77037264\n",
      "  0.         0.8942723  0.91253822 0.55557962 0.68699909 0.70888503]\n",
      " [0.72639342 0.61485807 0.79115301 0.88177999 0.70655823 0.78485034\n",
      "  0.72408734 0.77650497 0.70683772 0.67897599 0.71562516 0.81218868\n",
      "  0.8942723  0.         0.41189736 0.7825745  0.7721203  0.90322955]\n",
      " [0.62740407 0.53277583 0.76745999 0.9051924  0.74514411 0.71365863\n",
      "  0.74416759 0.8159376  0.73874221 0.62654081 0.81080017 0.84864288\n",
      "  0.91253822 0.41189736 0.         0.76622651 0.7866459  0.91535916]\n",
      " [1.05232957 1.03231819 0.58204714 0.69800091 0.59639338 0.58591715\n",
      "  0.44945284 0.68036492 0.70184077 0.64918481 0.59911633 0.57939442\n",
      "  0.55557962 0.7825745  0.76622651 0.         0.58091397 0.74558456]\n",
      " [0.99176655 0.96458769 0.64262579 0.68935158 0.63854187 0.75190521\n",
      "  0.52191009 0.65242342 0.74843758 0.618006   0.64198662 0.57185591\n",
      "  0.68699909 0.7721203  0.7866459  0.58091397 0.         0.64249018]\n",
      " [1.03374432 1.00235588 0.82361767 0.37339348 0.8030103  0.85567424\n",
      "  0.70868423 0.82710441 0.86140106 0.82525552 0.77503493 0.70841616\n",
      "  0.70888503 0.90322955 0.91535916 0.74558456 0.64249018 0.        ]]\n"
     ]
    }
   ],
   "source": [
    "\n",
    "from scipy import spatial\n",
    "from scipy.spatial.distance import pdist, squareform\n",
    "\n",
    "result = spatial.distance.cosine(sentence_embeddings[0], sentence_embeddings[1])\n",
    "print(result)\n",
    "\n",
    "r = squareform(pdist(sentence_embeddings, 'cosine'))\n",
    "print(r)"
   ]
  },
  {
   "cell_type": "code",
   "execution_count": 62,
   "id": "e572238d-478e-4b08-8134-eec7b2d69465",
   "metadata": {
    "tags": []
   },
   "outputs": [
    {
     "data": {
      "text/plain": [
       "torch.Size([18, 768])"
      ]
     },
     "execution_count": 62,
     "metadata": {},
     "output_type": "execute_result"
    }
   ],
   "source": [
    "sentence_embeddings.shape"
   ]
  },
  {
   "cell_type": "code",
   "execution_count": 63,
   "id": "50c4e086-e6a1-4e5e-b07d-f6c830c24f1e",
   "metadata": {
    "tags": []
   },
   "outputs": [
    {
     "name": "stdout",
     "output_type": "stream",
     "text": [
      "['беременность', 'Что положено женщинам при беременности?', 'Продолжительность рабочего дня для колясочников', 'Продолжительность рабочего времени лиц до восемнад', 'Продолжительность рабочего дня для инвалида', 'Что такое ненормированный рабочий день?', 'Ненормированный рабочий день - особый режим работы', 'Выплата такой компенсации, а также возмещение иных', 'Распорядок дня для инвалида и продолжительность жи', 'На период отпуска по уходу за ребенком за работник', 'Сокращенная продолжительность рабочего времени уст', 'Продолжительность рабочего времени конкретного раб', 'Сверхурочная работа оплачивается за первые два час', 'Женщинам по их заявлению и на основании выданного ', 'Отпуск по беременности и родам исчисляется суммарн', 'Продолжительность работы в ночное время уравнивает', 'Общая продолжительность рабочего времени медицинск', 'Продолжительность рабочего времени лиц в возрасте ']\n"
     ]
    }
   ],
   "source": [
    "trimmed_sents = [s[:50] for s in sentences]\n",
    "print(trimmed_sents)"
   ]
  },
  {
   "cell_type": "code",
   "execution_count": 64,
   "id": "e73a4178-a9df-4dba-b775-e88f78620980",
   "metadata": {
    "tags": []
   },
   "outputs": [
    {
     "data": {
      "application/vnd.jupyter.widget-view+json": {
       "model_id": "5cf9c5b32dae4d278ff3a421ce7f763a",
       "version_major": 2,
       "version_minor": 0
      },
      "text/plain": [
       "DataGrid(auto_fit_params={'area': 'all', 'padding': 30, 'numCols': None}, base_column_size=150, base_row_size=…"
      ]
     },
     "execution_count": 64,
     "metadata": {},
     "output_type": "execute_result"
    }
   ],
   "source": [
    "import seaborn as sns\n",
    "import pandas as pd\n",
    "from ipydatagrid import DataGrid, TextRenderer\n",
    "from bqplot import LinearScale, ColorScale, OrdinalColorScale, OrdinalScale\n",
    "\n",
    "pairwise_df = pd.DataFrame(\n",
    "    r,\n",
    "    columns = sentences,\n",
    "    index = sentences\n",
    ")\n",
    "\n",
    "\n",
    "# pairwise_df\n",
    "\n",
    "def_renderer=TextRenderer(background_color=ColorScale(min=0., max=1., scheme=\"viridis\"))\n",
    "datagrid = DataGrid(\n",
    "    pairwise_df, base_row_size=32, base_column_size=150,  default_renderer=def_renderer,\n",
    ")\n",
    "datagrid"
   ]
  },
  {
   "cell_type": "code",
   "execution_count": 36,
   "id": "97ffbb9c-bf79-4973-85a0-4e5a7adee848",
   "metadata": {
    "tags": []
   },
   "outputs": [
    {
     "data": {
      "text/plain": [
       "[Text(0.5, 0, 'Продолжительность рабочего времени лиц до восемнадцати лет, получающих образование'),\n",
       " Text(1.5, 0, 'Продолжительность рабочего дня для инвалида'),\n",
       " Text(2.5, 0, 'Что такое ненормированный рабочий день?'),\n",
       " Text(3.5, 0, 'Ненормированный рабочий день - особый режим работы, в соответствии с которым отдельные работники могут по распоряжению работодателя при необходимости эпизодически привлекаться к выполнению своих трудовых функций за пределами установленной для них продолжительности рабочего времени. Перечень должностей работников с ненормированным рабочим днем устанавливается коллективным договором, соглашениями или локальным нормативным актом, принимаемым с учетом мнения представительного органа работников.'),\n",
       " Text(4.5, 0, 'Выплата такой компенсации, а также возмещение иных расходов, связанных с выполнением работ на дому, производятся работодателем в порядке, определенном трудовым договором.'),\n",
       " Text(5.5, 0, 'Распорядок дня для инвалида и продолжительность жизни'),\n",
       " Text(6.5, 0, 'Продолжительность рабочего дня для колясочников'),\n",
       " Text(7.5, 0, 'На период отпуска по уходу за ребенком за работником сохраняется место работы (должность).'),\n",
       " Text(8.5, 0, 'Сокращенная продолжительность рабочего времени устанавливается для работников, являющихся инвалидами I или II группы, - не более 35 часов в неделю.'),\n",
       " Text(9.5, 0, 'Продолжительность рабочего времени конкретного работника устанавливается трудовым договором на основании отраслевого (межотраслевого) соглашения и коллективного договора с учетом результатов специальной оценки условий труда.'),\n",
       " Text(10.5, 0, 'Сверхурочная работа оплачивается за первые два часа работы не менее чем в полуторном размере, за последующие часы - не менее чем в двойном размере. '),\n",
       " Text(11.5, 0, 'Женщинам по их заявлению и на основании выданного в установленном порядке листка нетрудоспособности предоставляются отпуска по беременности и родам продолжительностью 70 календарных дней до родов и 70 календарных дней после родов с выплатой пособия по государственному социальному страхованию.'),\n",
       " Text(12.5, 0, 'Отпуск по беременности и родам исчисляется суммарно и предоставляется женщине полностью независимо от числа дней, фактически использованных ею до родов.'),\n",
       " Text(13.5, 0, 'Продолжительность работы в ночное время уравнивается с продолжительностью работы в дневное время в тех случаях, когда это необходимо по условиям труда, а также на сменных работах при шестидневной рабочей неделе с одним выходным днем.'),\n",
       " Text(14.5, 0, 'Общая продолжительность рабочего времени медицинского работника медицинской организации с учетом времени дежурства на дому не должна превышать норму рабочего времени медицинского работника медицинской организации за соответствующий период.'),\n",
       " Text(15.5, 0, 'Продолжительность рабочего времени лиц в возрасте до восемнадцати лет, получающих общее образование или среднее профессиональное образование и совмещающих в течение учебного года получение образования с работой, не может превышать половины норм, установленных частью первой настоящей статьи для лиц соответствующего возраста.')]"
      ]
     },
     "execution_count": 36,
     "metadata": {},
     "output_type": "execute_result"
    },
    {
     "data": {
